Format:
------- attempt for given key length start
blank permutation generated with length of attempted key length : eg(keylenght = 2) [0, 1]
column pairs with score in tuple: format:[(column1, column2, pairscore), ...]

------- attempt for given key length end

terminal output
-------
 [0, 1, 2, 3, 4, 5, 6, 7, 8, 9]
[(0, 9, 24), (1, 8, 31), (2, 0, 38), (3, 0, 40), (4, 1, 34), (5, 2, 38), (6, 4, 32), (7, 3, 36), (8, 6, 32), (9, 6, 34)]

-------
-------
 [0, 1, 2, 3, 4, 5, 6, 7, 8, 9, 10]
[(0, 7, 31), (1, 8, 30), (2, 0, 29), (3, 1, 27), (4, 1, 31), (5, 2, 31), (6, 3, 30), (7, 4, 30), (8, 9, 28), (9, 6, 44), (10, 8, 37)]

-------
-------
 [0, 1, 2, 3, 4, 5, 6, 7, 8, 9, 10, 11]
[(0, 9, 34), (1, 9, 33), (2, 3, 22), (3, 10, 36), (4, 2, 39), (5, 6, 25), (6, 3, 33), (7, 4, 29), (8, 2, 38), (9, 6, 36), (10, 1, 39), (11, 7, 40)]

-------
-------
 [0, 1, 2, 3, 4, 5, 6, 7, 8, 9, 10, 11, 12]
[(0, 8, 24), (1, 8, 29), (2, 9, 31), (3, 0, 27), (4, 2, 28), (5, 3, 28), (6, 3, 32), (7, 4, 26), (8, 5, 24), (9, 7, 31), (10, 7, 27), (11, 0, 21), (12, 9, 24)]

-------
-------
 [0, 1, 2, 3, 4, 5, 6, 7, 8, 9, 10, 11, 12, 13]
[(0, 9, 21), (1, 8, 31), (2, 3, 25), (3, 10, 26), (4, 2, 30), (5, 12, 33), (6, 3, 23), (7, 4, 34), (8, 2, 32), (9, 6, 26), (10, 0, 24), (11, 8, 30), (12, 3, 32), (13, 10, 26)]

-------
-------
 [0, 1, 2, 3, 4, 5, 6, 7, 8, 9, 10, 11, 12, 13, 14]
[(0, 4, 21), (1, 10, 19), (2, 9, 24), (3, 1, 24), (4, 1, 27), (5, 3, 18), (6, 3, 23), (7, 1, 25), (8, 4, 22), (9, 7, 21), (10, 7, 24), (11, 1, 20), (12, 11, 20), (13, 10, 27), (14, 11, 23)]

-------
-------
 [0, 1, 2, 3, 4, 5, 6, 7, 8, 9, 10, 11, 12, 13, 14, 15]
[(0, 9, 55), (1, 8, 62), (2, 15, 61), (3, 1, 55), (4, 2, 71), (5, 13, 53), (6, 3, 61), (7, 14, 67), (8, 11, 54), (9, 10, 23), (10, 0, 66), (11, 7, 47), (12, 6, 72), (13, 10, 62), (14, 5, 69), (15, 12, 64)]

-------
-------
 [0, 1, 2, 3, 4, 5, 6, 7, 8, 9, 10, 11, 12, 13, 14, 15, 16]
[(0, 9, 24), (1, 10, 19), (2, 0, 18), (3, 16, 20), (4, 1, 24), (5, 3, 20), (6, 3, 22), (7, 4, 22), (8, 15, 22), (9, 3, 17), (10, 8, 24), (11, 8, 27), (12, 3, 19), (13, 10, 18), (14, 8, 21), (15, 12, 24), (16, 13, 26)]

-------
-------
 [0, 1, 2, 3, 4, 5, 6, 7, 8, 9, 10, 11, 12, 13, 14, 15, 16, 17]
[(0, 13, 20), (1, 8, 25), (2, 11, 18), (3, 0, 24), (4, 1, 20), (5, 12, 26), (6, 4, 18), (7, 4, 19), (8, 5, 23), (9, 6, 21), (10, 8, 20), (11, 8, 24), (12, 3, 26), (13, 10, 25), (14, 8, 22), (15, 12, 22), (16, 13, 20), (17, 13, 23)]

-------
-------
 [0, 1, 2, 3, 4, 5, 6, 7, 8, 9, 10, 11, 12, 13, 14, 15, 16, 17, 18]
[(0, 7, 17), (1, 10, 20), (2, 0, 19), (3, 10, 18), (4, 15, 19), (5, 3, 18), (6, 13, 24), (7, 4, 16), (8, 15, 24), (9, 18, 22), (10, 8, 16), (11, 8, 21), (12, 13, 17), (13, 10, 15), (14, 12, 20), (15, 12, 22), (16, 13, 22), (17, 15, 20), (18, 12, 18)]

-------
-------
 [0, 1, 2, 3, 4, 5, 6, 7, 8, 9, 10, 11, 12, 13, 14, 15, 16, 17, 18, 19]
[(0, 10, 15), (1, 12, 22), (2, 15, 16), (3, 10, 26), (4, 13, 27), (5, 13, 23), (6, 3, 16), (7, 14, 27), (8, 6, 26), (9, 16, 20), (10, 7, 28), (11, 9, 19), (12, 6, 33), (13, 10, 22), (14, 11, 23), (15, 12, 23), (16, 14, 27), (17, 14, 18), (18, 9, 20), (19, 14, 15)]

-------